detection 난장판...
rec on 3.1
cricket in 부터(1033) 34.5

rearing/grooming 구간(분석 제외할 곳)

visual pursuit(rotation slow or fast)
1550	1581
1680	1711
1719	1771	nV
1899	1962	nVmaybe
2146	2242
2365	2413
2534	2565	nV
2678	2742
2834	2895
3484	3526	nV
3665	3753
3873	3912	nV
3914	4022
4085	4107
4155	4174	nV
4274	4377
4468	4491	nV
4782	4822	nV
5206	5241	nV
5518	5590	nV
5932	5995	nV
6568	6642	nV
6702	6798
6985	7041
7133	7253
7284	7312
7502	7530	nV
7920	7965
8423	8467
8539	8574
8595	8730
10605	10620	nV
11940	11961	
12068	12097	maybe nV?
12264	12302
13458	13504
14148	14167
14293	14389
14390	14467	consume
14468	14480
14481	14540	consume

attack
2196
2871
2894
3987
4017
4362
6798
7226
8643
8706
8730
14370
14386
14479

10182	consume	