detection 난장판...
rec on 3.4
cricket in 부터(1076) 35.9

rearing/grooming 구간(분석 제외할 곳)

visual pursuit(rotation slow or fast)
1385	1406	nV
1548	1578	nV
1590	1663
1678	1766
1771	1882
1893	1908	nV
1920	1937	nV
1939	1988	at
1993	1999	at
2013	2021
2087	2105
2109	2194	at
2204	2238	at(2227)
2245	2272	at
2362	2378	nV
2480	2505	nV
3233	3404
3410	3528
3551	3588
3691	3707	nV
3728	3750	nV
3763	3859
3924	3984	nV
4231	4253	nV
4378	4476
4516	4545
4552	4589	nV
4783	4818	nV
4821	4908
4914	4953
5266	5290	nV
5532	5578
5665	5696	nV
6454	6473	nV
6486	6506
6756	6769
6925	6989
7072	7128	nV
7315	7342
7392	7447	at
7467	7498	nV
7506	7606	at
7610	7746	at
8048	8097	nV
8151	8192	nV
8242	8290
8472	8535	at
9250	9316	at
9328	9387
9608	9652
9704	9725
9803	9842
9890	9917
10117	10159
10861	10924	nV
11101	11146	nV
11424	11455	nV
11515	11560
11677	11821	at
11841	11887	at
11947	12045	at
12082	12187	at
12188	12225
12226	12277	consume
12278	12377	at
12378	12551	consume
12968	13029	
14133	14161	nV
14425	14467
15830	15919
16099	16159	nV
16443	16489	nV
16864	17000	nV
17016	17050	nV
17054	17123
17185	17203	nV
17242	17314
17466	17530	nV




attack
1986
2227
2237
3402
3504
4921
4938
7430
7446
7594
7606
7664
7713
7746
8532
9297
9314
11726
11773
11793
11819
11845
11863
11885
12022
12045
12104
12124
12157
12185
12225
12300
12336
12361
12377