detection 난장판...
rec on 3.2
cricket in 부터(1047) 34.9

rearing/grooming 구간(분석 제외할 곳)

visual pursuit(rotation slow or fast)
1140	1310
1341	1490
1504	1566
1575	1681	at
1698	1820
1830	1860	nV
2028	2090	nV
2278	2402	at
2408	2446	at
2502	2523
2524	2553	nV
2643	2671	nV
2675	2693
2707	2733	nV
2744	2800	nV
3001	3094	at
3098	3255
3258	3283	nV
3309	3337	nV
3341	3373	nV
3400	3430
3529	3642	nV
3882	3900	nV
3986	4009	nV
4012	4166	at
4199	4374	at
4634	4674	
4982	5013	nV
5040	5090	nV
5199	5238	nV
5295	5508	at
5520	5560	nV
5613	5747	at
5819	5862	nV
5933	6375	at
6376 	7159	consume

attack
1564
1644
1676
2389
2400
2431
2444
3078
3088
3197
3248
4166
4207
4221
4250
4358
4373
5378
5477
5694
5719
5739
5979
5990
6013
6045
6067
6104
6134
6185
6237
6263
6283
6305
6326
6350
