detection 난장판...
rec on 2.9
cricket in 부터(1047) 34.9

rearing/grooming 구간(분석 제외할 곳)

visual pursuit(rotation slow or fast)
1066	1082	nV
1099	1129	nV maybe
1261	1294	nV
1403	1494
1504	1637
1644	1681
1722	1812
1827	1860	nV
2066	2091	nV
2109	2172	
2270	2426
2466	2565
2581	2818
2938	2971
3003	3064
3095	3120
3170	3211	nV
3215	3269	nV
3288	3357
3411	3483
3491	3560	nV
3622	3657	nV
3854	3887	nV
3920	4009
4117	4297
4590	4654
4671	4783
4801	4927
5190	5206
5272	5338
5362	5412
5565	5597	nV
5869	5901	nV
5964	6012
6085	6101	nV
6192	6310
6421	6460
6551	6691
6715	6902
6952	6993	nV
7108	7144
7316	7390	nV
7447	7473	nV
7501	7626
7705	7734	nV
7933	7991	nV
8190	8370
8379	8411	nV
8514	8546	nV
8690	8719	nV
9124	9190	nV
9250	9375
9573	9605
9665	9686
9740	9784
9822	9851
9858	9930	nV
10239	10262	nV
10265	10344
10453	10523
10580	10627	nV
10855	10942
11009	11174
11317	11389
11537	11576
11924	12056
12073	12224
12667	12697	nV
12716	12769
12778	12798	nV
12869	12945	nV
12959	13054	nV
13255	13283
13294	13339
13393	13407	nV
13410	13437
13485	13624
14097	14177	nV
14181	14200	nV
14218	14311
14375	14454	nV
14860	14953
14965	15007	nV
15178	15289	at
15370	15409	
15484	15505
15650	15690
15767	15795
15820	15893	nV
16112	16189	nV
16604	16649	nV
16774	16797	nV
16864	16899
17011	17045
17054	17098
17173	17237	nV
17438	17504
17522	17597
17626	17677	nV
17728	17767	nV

attack
4738
4768
4877
6288		
6867
7613
9354
11048
12024
12111
12139
14256
15232
15266
15289
17043

