detection 문제가 많음..


start 3.3
cricket in 부터(1111) 37.1s

rearing/grooming 구간(분석 제외할 곳)


pursuit 구간(메인 분석)


8000까지? 266s 까지

visual pursuit(rotation slow or fast)
1113	1147	nV
1431	1480	nV
1546	1581	nV
1670	1699	nV
1756	1870
1882	1973	nV
2179	2240
2371	2447
2513	2614
3025	3052	nV
3067	3135	nV
3272	3316	nV
3970	4083
4797	4845	nV
5008	5284	attack pursuit
5300	5400	attack pursuit
5757	5904	
6271	6326	nV
6385	6510
6531	6596	nV
6925	7134	attack pursuit
7141	7340	attack pursuit
7372	7513	attack pursuit
7539	7575	nV
7593	7875	attack pursuit
8087	8182	
8252	8299	
8309	8383	nV
8445	8507	
8918	9026	nV
9052	9084
9315	9341	nV
9656	9697	
9936	10048
10061	10165
10469	10512	nV
10602	10652	nV
10738	10878	
10888	11300	attack pursuit
11345	11359	consume
11361	11523
11524	11735	attack pursuit
11846	11936
11948	12025
12155	12181	nV
12401	12655
12668	12822	attack pursuit
12823	12955	consume
12956	13017
13018	13044	consume
13055	13120
13121	13142	consume
13183	13218
13219	13313	consume
13314	13377
13378	13794	consume	

attack
5190
7022
7129
7164
7224
7277
7285
7314
7338
7741
7769
7792
7814
7840
8295
10042
10104
10153
10804
10820
10847
10873
10917
10938
10954
11001
11030
11073
11101
11167
11222
11253
11278
11300
11391
11463
11503
11521
11577
11668
12517
12572
12611
12694
12730
12743
12792
12822
13066
13082
13099
13198
13293
13335
13375


12825~ consume
